[gd_scene load_steps=5 format=2]

[ext_resource path="res://assets/material_shader/texture/grids/Light/texture_07.png" type="Texture" id=1]
[ext_resource path="res://assets/material_shader/texture/grids/Dark/texture_08.png" type="Texture" id=2]

[sub_resource type="SpatialMaterial" id=1]
albedo_texture = ExtResource( 2 )
uv1_triplanar = true

[sub_resource type="SpatialMaterial" id=2]
albedo_color = Color( 0.415686, 0.415686, 0.415686, 1 )
albedo_texture = ExtResource( 1 )
uv1_triplanar = true

[node name="rod_1" type="Spatial"]

[node name="CSGCylinder2" type="CSGCylinder" parent="."]
transform = Transform( 0.867288, 0, 0.497807, 0, 1, 0, -0.497807, 0, 0.867288, -0.327043, 5.7435, 0.420568 )
radius = 0.448187
height = 10.013
smooth_faces = false
material = SubResource( 1 )

[node name="CSGCylinder7" type="CSGCylinder" parent="."]
transform = Transform( 0.867288, 0, 0.497807, 0, 1, 0, -0.497807, 0, 0.867288, -0.327043, 0.467662, 0.420568 )
radius = 0.565
height = 0.935
smooth_faces = false
material = SubResource( 2 )

[node name="CSGCylinder3" type="CSGCylinder" parent="."]
transform = Transform( 0.96459, 0, 0.263755, 0, 1, 0, -0.263755, 0, 0.96459, 0.495051, 5.7435, 0.0792237 )
radius = 0.448187
height = 10.013
smooth_faces = false
material = SubResource( 1 )

[node name="CSGCylinder6" type="CSGCylinder" parent="."]
transform = Transform( 0.96459, 0, 0.263755, 0, 1, 0, -0.263755, 0, 0.96459, 0.495051, 0.467662, 0.0792237 )
radius = 0.565
height = 0.935
smooth_faces = false
material = SubResource( 2 )

[node name="CSGCylinder4" type="CSGCylinder" parent="."]
transform = Transform( 0.999999, 0, -0.00122175, 0, 1, 0, 0.00122175, 0, 0.999999, -0.209507, 5.7435, -0.462381 )
radius = 0.448187
height = 10.013
smooth_faces = false
material = SubResource( 1 )

[node name="CSGCylinder5" type="CSGCylinder" parent="."]
transform = Transform( 0.999999, 0, -0.00122175, 0, 1, 0, 0.00122175, 0, 0.999999, -0.209507, 0.467662, -0.462381 )
radius = 0.565
height = 0.935
smooth_faces = false
material = SubResource( 2 )
